只修 inner_t 分母后，与你原代码的对比（温度 C）

t/s    r/cm    修好后          参考解          差           
100    0       28.0000      28.0000      -0.000000
100    0.5     28.0003      28.0003      +0.000000
100    1.0     28.0038      28.0038      +0.000000
100    1.5     28.0314      28.0314      +0.000000
100    2.0     28.1745      28.1745      +0.000000

300    0       28.0396      28.0396      +0.000000
300    0.5     28.0618      28.0618      +0.000000
300    1.0     28.1478      28.1478      +0.000000
300    1.5     28.3600      28.3600      +0.000000
300    2.0     28.8314      28.8314      +0.000000

600    0       28.4445      28.4445      +0.000000
600    0.5     28.5258      28.5258      +0.000000
600    1.0     28.7894      28.7894      +0.000000
600    1.5     29.2934      29.2934      +0.000000
600    2.0     30.1305      30.1305      +0.000000

900    0       29.3023      29.3023      +0.000000
900    0.5     29.4345      29.4345      +0.000000
900    1.0     29.8461      29.8461      +0.000000
900    1.5     30.5774      30.5774      +0.000000
900    2.0     31.6785      31.6785      +0.000000

1200   0       30.5056      30.5056      +0.000000
1200   0.5     30.6707      30.6707      +0.000000
1200   1.0     31.1775      31.1775      +0.000000
1200   1.5     32.0581      32.0581      +0.000000
1200   2.0     33.3598      33.3598      +0.000000

1500   0       31.9433      31.9433      +0.000000
1500   0.5     32.1325      32.1325      +0.000000
1500   1.0     32.7063      32.7063      +0.000000
1500   1.5     33.6781      33.6781      +0.000000
1500   2.0     35.0417      35.0417      +0.000000

1800   0       33.5095      33.5095      +0.000000
1800   0.5     33.7046      33.7046      +0.000000
1800   1.0     34.2925      34.2925      +0.000000
1800   1.5     35.2834      35.2834      +0.000000
1800   2.0     36.6975      36.6975      +0.000000

超过 5e-5 的格点个数: 0

修好后的表1：
t/s          r=0       0.5       1.0       1.5       2.0
100      28.0000   28.0003   28.0038   28.0314   28.1745
300      28.0396   28.0618   28.1478   28.3600   28.8314
600      28.4445   28.5258   28.7894   29.2934   30.1305
900      29.3023   29.4345   29.8461   30.5774   31.6785
1200     30.5056   30.6707   31.1775   32.0581   33.3598
1500     31.9433   32.1325   32.7063   33.6781   35.0417
1800     33.5095   33.7046   34.2925   35.2834   36.6975
