用【交错求解 + (D_i+D_i+1)/2 约定】复现你的结果：
  温度最大偏差 = 7.105e-15
  水分最大偏差 = 4.441e-16
  -> 说明你把两个循环分开写，对问题1没有影响（问题1温度/水分互不依赖）

=== 你的水分结果（4位小数）===
t/s             0       0.5       1.0       1.5       2.0
100        2.5500    2.5500    2.5500    2.5500    2.2906
300        2.5500    2.5500    2.5500    2.5486    2.0688
600        2.5500    2.5500    2.5500    2.5344    1.8854
900        2.5500    2.5500    2.5495    2.5044    1.7582
1200       2.5500    2.5500    2.5478    2.4650    1.6584
1500       2.5500    2.5499    2.5440    2.4214    1.5755
1800       2.5500    2.5496    2.5377    2.3763    1.5042

水分初值 object_c[0][0]=2.55  object_c[0][20]=2.55
中心点是否仍为2.5500（还没干到）= False
