第一问 t=1800s
  T = 33.5095, 33.7046, 34.2925, 35.2834, 36.6975
  C = 2.5500, 2.5496, 2.5377, 2.3763, 1.5042
  标准: T=33.5095,33.7046,34.2925,35.2834,36.6975
        C=2.5500,2.5496,2.5377,2.3763,1.5042

=== 表3 温度：你 vs 正确 ===
t/h     你的                         正确                        
0.5     32.1272 32.3179 32.8953 33.8796 35.3175 32.1272 32.3179 32.8953 33.8796 35.3175
1.0     40.2654 40.4372 40.9437 41.7613 42.8806 40.2654 40.4372 40.9437 41.7613 42.8806
1.5     45.7496 45.8387 46.0997 46.5168 47.0591 45.7496 45.8387 46.0997 46.5168 47.0591
2.0     48.3928 48.4315 48.5444 48.7237 48.9592 48.3928 48.4315 48.5444 48.7237 48.9592
2.5     49.4397 49.4525 49.4885 49.5427 49.6402 49.4397 49.4525 49.4885 49.5427 49.6402
3.0     49.8381 49.8441 49.8639 49.9002 49.9573 49.8381 49.8441 49.8639 49.9002 49.9573

=== 表4 水分：你 vs 正确 ===
0.5     2.5499 2.5487 2.5254 2.3298 1.6585 2.5499 2.5487 2.5254 2.3298 1.6585
1.0     2.5256 2.4953 2.3608 2.0299 1.4815 2.5256 2.4953 2.3608 2.0299 1.4815
1.5     2.3886 2.3291 2.1400 1.8102 1.3584 2.3886 2.3291 2.1400 1.8102 1.3584
2.0     2.1763 2.1143 1.9308 1.6349 1.2421 2.1763 2.1143 1.9308 1.6349 1.2421
2.5     1.9637 1.9079 1.7441 1.4813 1.1275 1.9637 1.9079 1.7441 1.4813 1.1275
3.0     1.7741 1.7246 1.5788 1.3426 1.0185 1.7741 1.7246 1.5788 1.3426 1.0185

最大偏差: 温度 0.000000  水分 0.000000
