用你写的公式跑完整过程:
  耗时 239.5 秒
  烘干结束 = 199813 s = 2.31 天
  结束时: 中心C=0.1500 表面C=0.0501 中心T=50.00

=== 关键时间点的值（正确应为 2.31 天）===
t                  中心C          表面C       中心T(C)
3600            2.5256       1.4815        40.27
10800           1.7741       1.0185        49.84
14400           1.4620       0.8238        50.00
43200           0.4527       0.0514        50.00
86400           0.2331       0.0502        50.00
172800          0.1594       0.0501        50.00
199813          0.1500       0.0501        50.00

=== 表3 温度 (3小时内) ===
0.5      32.1272   32.3179   32.8953   33.8796   35.3175
1.0      40.2654   40.4372   40.9437   41.7613   42.8806
1.5      45.7496   45.8387   46.0997   46.5168   47.0591
2.0      48.3928   48.4315   48.5444   48.7237   48.9592
2.5      49.4397   49.4525   49.4885   49.5427   49.6402
3.0      49.8381   49.8441   49.8639   49.9002   49.9573

=== 表4 水分 ===
0.5       2.5499    2.5487    2.5254    2.3298    1.6585
1.0       2.5256    2.4953    2.3608    2.0299    1.4815
1.5       2.3886    2.3291    2.1400    1.8102    1.3584
2.0       2.1763    2.1143    1.9308    1.6349    1.2421
2.5       1.9637    1.9079    1.7441    1.4813    1.1275
3.0       1.7741    1.7246    1.5788    1.3426    1.0185
