=== 只算3小时：(A) 用附录3  vs  (B) 用附录2（问题1参数）===

t/s      r/cm          A:附录3        B:附录2          差
3600     0           40.3062      42.2471    -1.9410
3600     0.5         40.4779      42.3887    -1.9108
3600     1.0         40.9843      42.8051    -1.8207
3600     1.5         41.8015      43.4744    -1.6730
3600     2.0         42.9199      44.3881    -1.4682

7200     0           48.4099      49.0268    -0.6169
7200     0.5         48.4483      49.0510    -0.6027
7200     1.0         48.5605      49.1218    -0.5614
7200     1.5         48.7385      49.2342    -0.4958
7200     2.0         48.9722      49.3811    -0.4089

10800    0           49.8414      49.9248    -0.0835
10800    0.5         49.8473      49.9289    -0.0815
10800    1.0         49.8670      49.9430    -0.0760
10800    1.5         49.9031      49.9706    -0.0675
10800    2.0         49.9599      50.0166    -0.0567

--- 水分 ---

3600     0            2.5255       2.5461    -0.0206
3600     0.5          2.4951       2.5349    -0.0398
3600     1.0          2.3605       2.4543    -0.0938
3600     1.5          2.0297       2.1244    -0.0947
3600     2.0          1.4821       1.2069    +0.2752

7200     0            2.1757       2.4616    -0.2859
7200     0.5          2.1138       2.4070    -0.2931
7200     1.0          1.9305       2.2056    -0.2751
7200     1.5          1.6347       1.7615    -0.1268
7200     2.0          1.2423       0.8711    +0.3712

10800    0            1.7737       2.2824    -0.5086
10800    0.5          1.7243       2.2074    -0.4831
10800    1.0          1.5786       1.9664    -0.3879
10800    1.5          1.3425       1.5145    -0.1720
10800    2.0          1.0184       0.6510    +0.3675


=== 用附录3 一直跑到烘干合格(C<0.15) ===
烘干结束时间: 198745 s = 55.21 h = 2.30 天
结束时 T: 中心=50.16 表面=50.16
结束时 C: 中心=0.1054 表面=0.0499

3小时(10800s)时 C.max()=1.7737  -> 离 0.15 还差多远: 1.6237
