表3  3小时内药材的温度 (C)   【三处系数全取界面平均】
时间/h             0       0.5         1       1.5         2
0.5        32.1272   32.3179   32.8953   33.8796   35.3175
1.0        40.2654   40.4372   40.9437   41.7613   42.8806
1.5        45.7496   45.8387   46.0997   46.5168   47.0591
2.0        48.3928   48.4315   48.5444   48.7237   48.9592
2.5        49.4397   49.4525   49.4885   49.5427   49.6402
3.0        49.8381   49.8441   49.8639   49.9002   49.9573

表4  3小时内药材的水分浓度 (kg/kg)
时间/h             0       0.5         1       1.5         2
0.5         2.5499    2.5487    2.5254    2.3298    1.6585
1.0         2.5256    2.4953    2.3608    2.0299    1.4815
1.5         2.3886    2.3291    2.1400    1.8102    1.3584
2.0         2.1763    2.1143    1.9308    1.6349    1.2421
2.5         1.9637    1.9079    1.7441    1.4813    1.1275
3.0         1.7741    1.7246    1.5788    1.3426    1.0185

=== 你现在的写法 vs 最终正确（3小时）===
r/cm               温度 你/正确/差            水分 你/正确/差
0.0      49.8705  49.8381  +0.0324    1.7713   1.7741  -0.0028
0.5      49.8759  49.8441  +0.0318    1.7221   1.7246  -0.0025
1.0      49.8941  49.8639  +0.0302    1.5770   1.5788  -0.0018
1.5      49.9275  49.9002  +0.0273    1.3416   1.3426  -0.0010
2.0      49.9796  49.9573  +0.0223    1.0181   1.0185  -0.0004

最大温度差 = 0.3172  最大水分差 = 0.0043
