是否替换成功: True

=== 只改开尔文这一处后，与你原代码的对比 ===

---- t = 3600 s ----
r/cm    | 温度 修正/参考/差               | 水分 修正/参考/差              
0.0     |  40.5791  40.3062  +0.2729 |   2.5248   2.5255  -0.0006
0.5     |  40.7523  40.4779  +0.2743 |   2.4941   2.4951  -0.0010
1.0     |  41.2609  40.9843  +0.2766 |   2.3588   2.3605  -0.0016
1.5     |  42.0718  41.8015  +0.2704 |   2.0288   2.0297  -0.0009
2.0     |  43.1493  42.9199  +0.2294 |   1.4847   1.4820  +0.0027

---- t = 7200 s ----
r/cm    | 温度 修正/参考/差               | 水分 修正/参考/差              
0.0     |  48.5572  48.4099  +0.1473 |   2.1720   2.1757  -0.0038
0.5     |  48.5935  48.4483  +0.1452 |   2.1104   2.1139  -0.0034
1.0     |  48.6986  48.5605  +0.1381 |   1.9282   1.9305  -0.0023
1.5     |  48.8630  48.7385  +0.1246 |   1.6342   1.6348  -0.0006
2.0     |  49.0729  48.9722  +0.1007 |   1.2434   1.2423  +0.0011

---- t = 10800 s ----
r/cm    | 温度 修正/参考/差               | 水分 修正/参考/差              
0.0     |  49.8705  49.8414  +0.0291 |   1.7713   1.7738  -0.0024
0.5     |  49.8759  49.8473  +0.0286 |   1.7221   1.7243  -0.0022
1.0     |  49.8941  49.8670  +0.0271 |   1.5770   1.5786  -0.0016
1.5     |  49.9275  49.9031  +0.0244 |   1.3416   1.3425  -0.0009
2.0     |  49.9796  49.9599  +0.0197 |   1.0181   1.0184  -0.0004

温度最大偏差 = 0.276628
水分最大偏差 = 0.003779
