温度最大偏差 = 7.105e-15
水分最大偏差 = 1.026e-03   (界面D用平均C的参考解)

=== 你的水分结果 ===
t/s            r=0        0.5        1.0        1.5        2.0
30          2.5500     2.5500     2.5500     2.5500     2.4460
60          2.5500     2.5500     2.5500     2.5500     2.3685
100         2.5500     2.5500     2.5500     2.5500     2.2906
300         2.5500     2.5500     2.5500     2.5486     2.0688
600         2.5500     2.5500     2.5500     2.5344     1.8854
900         2.5500     2.5500     2.5495     2.5044     1.7582
1200        2.5500     2.5500     2.5478     2.4650     1.6584
1500        2.5500     2.5499     2.5440     2.4214     1.5755
1800        2.5500     2.5496     2.5377     2.3763     1.5042

=== 参考解 ===
t/s            r=0        0.5        1.0        1.5        2.0
30          2.5500     2.5500     2.5500     2.5500     2.4460
60          2.5500     2.5500     2.5500     2.5500     2.3685
100         2.5500     2.5500     2.5500     2.5500     2.2906
300         2.5500     2.5500     2.5500     2.5486     2.0687
600         2.5500     2.5500     2.5500     2.5344     1.8851
900         2.5500     2.5500     2.5495     2.5043     1.7578
1200        2.5500     2.5500     2.5478     2.4649     1.6578
1500        2.5500     2.5499     2.5440     2.4212     1.5747
1800        2.5500     2.5496     2.5377     2.3760     1.5033

=== 初始条件检查 ===
object_c[0][0]=2.55 object_c[0][10]=2.55 object_c[0][20]=2.55 (应为2.55)
object_t[0][0]=28 object_t[0][20]=28 (应为28)
object_c[1][20]=2.5459514079999996  object_c[1800][20]=1.5042157666952491
